Resultado dos parametros
INSTANCE: 2013_2014_2015_2016_2017_
PARAM_MIN_TO_BUY: 0.03
PARAM_MIN_TO_SELL: 0.15
PARAM_DISCARD_DIV: 2.5
PARAM_DAYS_TO_DISCARD: 5
PARAM_MIN_DAYS_TO_BEGIN: 0
PARAM_MAX_MONEY_TO_INVEST: 1.0
START_MONEY: 100000.0
MONEY: 2.4208082959999993E7
PERCENT: 24208.082959999996

